     1  MTO    0    -3.5   -10.5      .5   3.7
     2   CP    0    -5.0   -19.0     1.5   3.2
     3   CP    0    -7.5   -30.0     3.0   2.7
     4   BP    0    -9.5   -38.5     4.5   2.7
     5   CP    0   -10.5   -48.0     5.0   2.2
     6   BP    0   -11.5   -55.0     5.0   2.2
     7   BP    0   -12.5   -68.5     7.5   2.2
     8   CP    0   -11.5   -82.0     9.5   2.2
     9   BP    0   -13.0   -90.0    10.5   2.2
    10   CP    0   -13.0  -105.0    12.5   2.2
    11   BP    0   -13.5  -113.5    13.0   2.2
    12   CP    0   -13.5  -124.5    15.5   2.2
    13   BP    0   -14.0  -128.0    15.5   2.2
    14   BP    0   -13.0  -133.5    17.0   2.2
    15   CP    0   -12.0  -144.5    18.0   2.2
    16   BP    0   -11.5  -150.5    19.5   1.8
    17   BP    0   -11.0  -156.0    19.5   1.8
    18   BP    0   -11.0  -163.5    19.5   1.8
    19   BP    0   -10.0  -165.5    21.0   1.8
    20   CP    0   -11.5  -174.0    22.5   1.6
